#(carId,StartTime,RoadId...)
(10000,313,5029,5040,5051,5057,5058)
(10001,313,5030,5041,5052)
(10002,189,5016,5027,5038,5049)
(10003,298,5052,5041,5030,5019,5013,5012,5011)
(10004,213,5035,5034,5028,5017,5006)
(10005,364,5028,5017,5006)
(10006,32,5029,5018,5007,5001)
(10007,432,5031,5020,5009,5003,5002,5001)
(10008,335,5049,5038,5027,5016,5005)
(10009,123,5043,5032,5021,5015,5014,5013,5012)
(10010,182,5051,5040,5029,5018,5012,5006)
(10011,11,5029,5040,5051)
(10012,76,5029,5018,5007,5001)
(10013,61,5053,5042,5037,5032,5021)
(10014,96,5025,5031,5042,5053,5059)
(10015,435,5000,5006,5017,5028,5039,5045,5046)
(10016,218,5030,5024,5023,5022,5016,5005)
(10017,354,5018,5029,5040,5051,5056)
(10018,260,5027,5038,5049)
(10019,81,5029,5040,5051,5057,5058)
(10020,134,5046,5047,5042,5031,5020,5009)
(10021,430,5021,5026,5031,5042,5053)
(10022,132,5003,5004,5010,5021,5032,5043)
(10023,357,5029,5018,5007,5001)
(10024,279,5038,5027,5022,5023,5024,5019,5008,5003)
(10025,393,5053,5042,5036,5030)
(10026,235,5039,5033,5027,5016)
(10027,324,5032,5043,5054)
(10028,253,5008,5019,5030,5041,5047,5053)
(10029,15,5032,5043,5054)
(10030,56,5039,5028,5017,5006)
(10031,245,5050,5045,5046,5041,5030,5019,5008,5003)
(10032,142,5017,5028,5039,5050,5056,5057)
(10033,282,5051,5040,5035,5036,5037,5032,5021,5010)
(10034,51,5001,5002,5003,5009,5020,5031)
(10035,63,5005,5016,5027)
(10036,65,5011,5017,5028,5039,5050)
(10037,34,5027,5016,5005)
(10038,352,5059,5054,5043,5032,5021,5010)
(10039,299,5015,5021,5032,5043,5054)
(10040,67,5049,5044,5039,5034,5029,5024,5019,5014,5015,5010)
(10041,37,5030,5041,5052)
(10042,168,5049,5038,5033,5034,5029,5018)
(10043,169,5040,5029,5018)
(10044,195,5031,5020,5009,5003,5002,5001)
(10045,320,5001,5007,5013,5019,5030,5041,5047)
(10046,123,5030,5024,5023,5022,5016,5005)
(10047,344,5030,5041,5052)
(10048,59,5005,5016,5027,5038,5049)
(10049,231,5008,5014,5020,5031)
(10050,418,5029,5035,5041,5052)
(10051,142,5013,5019,5030,5036,5042,5048)
(10052,201,5028,5039,5050)
(10053,124,5013,5019,5030,5036,5042,5048)
(10054,387,5012,5018,5029,5040,5051,5057,5058)
(10055,333,5006,5012,5018,5024,5030)
(10056,410,5025,5031,5042,5053)
(10057,100,5055,5050,5045,5046,5041,5030,5019)
(10058,225,5037,5031,5020,5014,5008)
(10059,339,5003,5009,5020,5031,5042)
(10060,241,5028,5039,5050,5056,5057,5058,5059)
(10061,226,5021,5026,5025,5030,5041,5052)
(10062,68,5008,5019,5030)
(10063,399,5027,5038,5049,5055,5056)
(10064,331,5031,5020,5014,5013,5007,5001,5000)
(10065,260,5007,5018,5029,5040,5045,5044,5049)
(10066,265,5058,5052,5041,5035,5034,5028,5017,5011)
(10067,332,5032,5043,5054)
(10068,56,5010,5021,5032,5043,5048,5047,5046,5051)
(10069,145,5018,5029,5040,5051,5056)
(10070,105,5025,5031,5042,5053,5059)
(10071,189,5053,5042,5036,5030)
(10072,284,5057,5051,5045,5039,5028,5017,5006)
(10073,320,5031,5020,5009,5003,5002,5001)
(10074,162,5056,5050,5039,5028)
(10075,425,5026,5032,5043,5054)
(10076,283,5051,5040,5029,5018,5012,5006)
(10077,71,5007,5018,5029,5040)
(10078,314,5007,5012,5017,5028,5039,5050)
(10079,97,5029,5035,5041,5052)
(10080,436,5032,5021,5010,5004,5003,5002,5001)
(10081,52,5013,5019,5030,5041)
(10082,67,5045,5044,5038,5027,5016,5005)
(10083,410,5054,5043,5032,5021,5010)
(10084,382,5014,5020,5031,5042,5048)
(10085,180,5052,5041,5036,5031,5020,5015)
(10086,279,5038,5033,5034,5029,5018,5007)
(10087,439,5034,5033,5027,5016,5005)
(10088,327,5032,5043,5054)
(10089,166,5030,5019,5008,5002)
(10090,381,5008,5014,5020,5031)
(10091,337,5053,5042,5031,5020,5009)
(10092,278,5040,5029,5023,5022,5016)
(10093,87,5027,5016,5005)
(10094,221,5030,5019,5008)
(10095,206,5032,5021,5010)
(10096,116,5052,5046,5040,5034,5028)
(10097,322,5028,5034,5035,5041,5047,5053)
(10098,159,5021,5032,5043)
(10099,284,5054,5043,5032,5021)
(10100,309,5028,5039,5050)
(10101,176,5011,5016,5027,5038,5049)
(10102,123,5028,5017,5006)
(10103,205,5005,5016,5027,5038,5044,5045,5046,5047,5048,5054)
(10104,117,5018,5029,5040,5051)
(10105,423,5025,5031,5042,5053,5059)
(10106,84,5039,5033,5027,5016)
(10107,74,5009,5020,5031,5042,5047,5052,5057)
(10108,213,5038,5027,5016)
(10109,311,5028,5039,5050)
(10110,36,5020,5026,5032,5043)
(10111,87,5050,5039,5028,5023,5024,5019)
(10112,31,5026,5032,5043,5054)
(10113,279,5038,5027,5022,5023,5024,5019,5008,5003)
(10114,253,5011,5017,5028,5034,5035,5036,5037,5043)
(10115,375,5006,5017,5028,5039)
(10116,50,5041,5030,5024,5023,5017,5006)
(10117,230,5028,5039,5050,5056)
(10118,268,5016,5027,5038,5044)
(10119,440,5044,5038,5027,5016,5005)
(10120,108,5028,5017,5006)
(10121,110,5056,5055,5049,5038,5027,5016)
(10122,11,5011,5016,5027,5038,5049)
(10123,122,5053,5042,5031,5020)
(10124,296,5041,5030,5019,5014,5009)
(10125,286,5019,5025,5031,5042,5053)
(10126,130,5009,5020,5031,5042,5053)
(10127,430,5028,5017,5006)
