#(carId,StartTime,RoadId...)
(10000,24,5029,5040,5051,5057,5058)
(10001,27,5030,5041,5052)
(10002,13,5016,5027,5038,5049)
(10003,17,5052,5041,5035,5029,5018,5012,5011)
(10004,10,5030,5019,5013,5012,5006)
(10005,11,5028,5017,5006)
(10006,21,5029,5018,5007,5001)
(10007,10,5031,5020,5009,5003,5002,5001)
(10008,22,5049,5038,5027,5016,5005)
(10009,22,5043,5032,5021,5015,5014,5013,5012)
(10010,10,5051,5040,5034,5033,5027,5016,5005,5000)
(10011,11,5029,5040,5051)
(10012,26,5029,5018,5007,5001)
(10013,10,5053,5042,5037,5032,5021)
(10014,11,5025,5031,5042,5053,5059)
(10015,12,5005,5016,5022,5028,5034,5035,5041)
(10016,11,5030,5019,5013,5012,5011,5005)
(10017,23,5018,5023,5022,5027,5038,5049,5055)
(10018,12,5027,5038,5049)
(10019,12,5029,5040,5051,5057,5058)
(10020,25,5040,5029,5024,5019,5008,5003)
(10021,21,5021,5026,5031,5042,5053)
(10022,13,5008,5019,5030,5041,5047,5048)
(10023,26,5029,5018,5007,5001)
(10024,26,5038,5027,5016,5011,5012,5013,5008,5003)
(10025,22,5053,5042,5036,5030)
(10026,10,5039,5028,5017,5011)
(10027,11,5032,5043,5054)
(10028,27,5003,5009,5020,5031,5042,5053)
(10029,14,5032,5043,5054)
(10030,21,5039,5028,5017,5006)
(10031,28,5050,5045,5046,5041,5036,5031,5020,5009)
(10032,13,5017,5028,5039,5050,5056,5057)
(10033,23,5057,5052,5047,5042,5037,5032,5021,5010)
(10034,18,5001,5007,5018,5029,5035,5036)
(10035,24,5005,5016,5027)
(10036,27,5016,5022,5028,5039,5050)
(10037,14,5027,5016,5005)
(10038,15,5059,5054,5043,5032,5021,5010)
(10039,12,5015,5021,5032,5043,5054)
(10040,14,5049,5038,5033,5034,5029,5024,5019,5014,5015,5010)
(10041,14,5030,5041,5052)
(10042,19,5049,5044,5045,5040,5029,5018)
(10043,13,5040,5029,5018)
(10044,22,5031,5020,5009,5003,5002,5001)
(10045,24,5006,5017,5023,5024,5030,5041,5047)
(10046,15,5030,5019,5013,5012,5011,5005)
(10047,25,5030,5041,5052)
(10048,16,5005,5016,5027,5038,5049)
(10049,12,5008,5014,5020,5031)
(10050,29,5029,5040,5046,5052)
(10051,12,5013,5019,5030,5036,5042,5048)
(10052,24,5028,5039,5050)
(10053,16,5013,5019,5030,5036,5042,5048)
(10054,27,5012,5018,5029,5040,5051,5057,5058)
(10055,17,5001,5002,5008,5019,5030)
(10056,13,5025,5031,5042,5053)
(10057,29,5055,5050,5039,5034,5035,5030,5019)
(10058,15,5037,5031,5020,5014,5008)
(10059,14,5003,5009,5020,5031,5042)
(10060,22,5028,5039,5045,5046,5052,5058,5059)
(10061,19,5021,5032,5043,5048,5047,5052)
(10062,28,5008,5019,5030)
(10063,15,5022,5023,5029,5040,5051)
(10064,16,5031,5025,5024,5023,5017,5006,5000)
(10065,20,5007,5018,5029,5040,5045,5050,5055)
(10066,17,5058,5057,5056,5050,5044,5038,5027,5016)
(10067,21,5032,5043,5054)
(10068,18,5010,5021,5026,5025,5030,5041,5046,5051)
(10069,28,5018,5023,5022,5027,5038,5049,5055)
(10070,17,5025,5031,5042,5053,5059)
(10071,19,5053,5042,5036,5030)
(10072,30,5052,5041,5030,5024,5018,5007,5001)
(10073,23,5031,5020,5009,5003,5002,5001)
(10074,23,5051,5045,5039,5028)
(10075,13,5026,5032,5043,5054)
(10076,21,5051,5040,5034,5033,5027,5016,5005,5000)
(10077,29,5007,5018,5029,5040)
(10078,14,5001,5006,5017,5028,5039,5050)
(10079,16,5029,5040,5046,5052)
(10080,16,5032,5021,5010,5004,5003,5002,5001)
(10081,23,5013,5019,5030,5041)
(10082,26,5040,5034,5028,5017,5006,5000)
(10083,17,5054,5043,5032,5021,5010)
(10084,25,5014,5015,5021,5032,5043)
(10085,29,5052,5041,5036,5031,5020,5015)
(10086,25,5038,5033,5028,5023,5018,5007)
(10087,30,5034,5033,5027,5016,5005)
(10088,18,5032,5043,5054)
(10089,20,5030,5019,5008,5002)
(10090,24,5008,5014,5020,5031)
(10091,26,5053,5042,5031,5020,5009)
(10092,11,5045,5044,5038,5027,5016)
(10093,18,5027,5016,5005)
(10094,21,5030,5019,5008)
(10095,20,5032,5021,5010)
(10096,10,5052,5041,5035,5029,5023)
(10097,15,5028,5039,5045,5046,5047,5053)
(10098,24,5021,5032,5043)
(10099,26,5054,5043,5032,5021)
(10100,30,5028,5039,5050)
(10101,29,5017,5022,5027,5038,5049)
(10102,17,5028,5017,5006)
(10103,24,5000,5001,5002,5003,5004,5010,5021,5032,5043,5054)
(10104,22,5018,5029,5040,5051)
(10105,30,5025,5031,5042,5053,5059)
(10106,18,5039,5028,5017,5011)
(10107,25,5009,5020,5031,5042,5053,5058,5057)
(10108,30,5038,5027,5016)
(10109,16,5028,5039,5050)
(10110,31,5020,5031,5042,5048)
(10111,30,5056,5051,5040,5035,5030,5019)
(10112,22,5026,5032,5043,5054)
(10113,19,5038,5027,5016,5011,5012,5013,5008,5003)
(10114,32,5016,5027,5033,5034,5035,5041,5047,5048)
(10115,19,5006,5017,5028,5039)
(10116,30,5046,5045,5039,5028,5017,5006)
(10117,31,5028,5039,5050,5056)
(10118,20,5016,5027,5038,5044)
(10119,28,5039,5028,5017,5006,5000)
(10120,20,5028,5017,5006)
(10121,15,5056,5055,5049,5038,5027,5016)
(10122,31,5017,5022,5027,5038,5049)
(10123,18,5053,5042,5031,5020)
(10124,33,5041,5030,5025,5020,5009)
(10125,26,5019,5030,5041,5052,5058)
(10126,20,5009,5020,5031,5042,5053)
(10127,28,5028,5017,5006)
